%YAML:1.0
---
R: !!opencv-matrix
   rows: 3
   cols: 3
   dt: d
   data: [ 9.9999971041226388e-01, 4.7255096166009320e-05,
       -7.5956720846101164e-04, -3.7962605403161298e-05,
       9.9992521871163642e-01, 1.2229290385251191e-02,
       7.6008830333976110e-04, -1.2229258008648462e-02,
       9.9992493093948265e-01 ]
T: !!opencv-matrix
   rows: 3
   cols: 1
   dt: d
   data: [ 4.0563792993403851e+01, 1.2020251356611256e+00,
       -4.2226442947470169e+00 ]
R1: !!opencv-matrix
   rows: 3
   cols: 3
   dt: d
   data: [ 9.9411355257301781e-01, 3.0771334452713801e-02,
       -1.0388151696357339e-01, -3.0135061252163718e-02,
       9.9951625936000521e-01, 7.6893015489779776e-03,
       1.0406787532174518e-01, -4.5135630029947381e-03,
       9.9455995549541198e-01 ]
R2: !!opencv-matrix
   rows: 3
   cols: 3
   dt: d
   data: [ 9.9419362378614395e-01, 2.9460896955550805e-02,
       -1.0349441518048086e-01, -3.0093660829776655e-02,
       9.9953669295333114e-01, -4.5575232067752184e-03,
       1.0331219676706956e-01, 7.6455863406507812e-03,
       9.9461959311521209e-01 ]
P1: !!opencv-matrix
   rows: 3
   cols: 4
   dt: d
   data: [ 6.9379847353981074e+02, 0., 4.1053571510314941e+02, 0., 0.,
       6.9379847353981074e+02, 2.2931063461303711e+02, 0., 0., 0., 1.,
       0. ]
P2: !!opencv-matrix
   rows: 3
   cols: 4
   dt: d
   data: [ 6.9379847353981074e+02, 0., 4.1053571510314941e+02,
       2.8307461430533363e+04, 0., 6.9379847353981074e+02,
       2.2931063461303711e+02, 0., 0., 0., 1., 0. ]
Q: !!opencv-matrix
   rows: 4
   cols: 4
   dt: d
   data: [ 1., 0., 0., -4.1053571510314941e+02, 0., 1., 0.,
       -2.2931063461303711e+02, 0., 0., 0., 6.9379847353981074e+02, 0.,
       0., -2.4509385104785723e-02, 0. ]
