%YAML:1.0
---
M1: !!opencv-matrix
   rows: 3
   cols: 3
   dt: d
   data: [ 9.7185090185201193e+02, 0., 3.2389824020348124e+02, 0.,
       9.3550247129566696e+02, 2.1394131657430057e+02, 0., 0., 1. ]
D1: !!opencv-matrix
   rows: 1
   cols: 14
   dt: d
   data: [ -1.0351230255308908e+00, -1.9662350850900434e+00, 0., 0., 0.,
       0., 0., -2.1671088575537148e+01, 0., 0., 0., 0., 0., 0. ]
M2: !!opencv-matrix
   rows: 3
   cols: 3
   dt: d
   data: [ 9.7185090185201193e+02, 0., 3.1811348042102907e+02, 0.,
       9.3550247129566696e+02, 2.4512534221375932e+02, 0., 0., 1. ]
D2: !!opencv-matrix
   rows: 1
   cols: 14
   dt: d
   data: [ -1.1007751526728173e+00, 4.0218801378688357e-02, 0., 0., 0.,
       0., 0., -6.9248187003852975e+00, 0., 0., 0., 0., 0., 0. ]
